version https://git-lfs.github.com/spec/v1
oid sha256:d26216fecaa7a701b040d2e3136b9e14eb20b20614d3389b733786cc32847469
size 6320
